image: carter_hospital_navigation.png
resolution: 0.05
origin: [-49.62500152587891, -4.775000190734863, 0.0000]
negate: 0
occupied_thresh: 0.65
free_thresh: 0.196